Time to write parquet is: 41.75076961517334 seconds                                                                                        
+----+------------------+------------------+                                                                                               
|Hour|         Longitude|          Latitude|                                                                                               
+----+------------------+------------------+                                                                                               
|   0|-73.97555206808352| 40.74352310813395|                                                                                               
|   1|-73.97836450136806| 40.74154401910563|                                                                                               
|   2|-73.98115662627029| 40.74110710072311|                                                                                               
|   3|-73.98192266554759|40.741676175582874|                                                                                               
|   4|-73.97841653338365| 40.74454843826937|                                                                                               
|   5| -73.9682485292177| 40.74823778028272|                                                                                               
|   6|-73.96999742822942| 40.75118145671632|                                                                                               
|   7|-73.97130234575047|   40.754164352097|                                                                                               
|   8|-73.97353462044043| 40.75422028145023|                                                                                               
|   9|-73.97483579101497| 40.75411465109968|                                                                                               
|  10|-73.97373218835536|40.754580139181456|                                                                                               
|  11|-73.97426748340051|40.754552486892784|                                                                                               
|  12|-73.97466179872416| 40.75431739343007|                                                                                               
|  13|-73.97438259205691| 40.75374532205575|                                                                                               
|  14|-73.97320932187228| 40.75345052564725|                                                                                               
|  15|-73.97147295948388| 40.75337584760912|                                                                                               
|  16|-73.96993957443307|40.752993956347666|                                                                                               
|  17|-73.97156649191936| 40.75334053112213|                                                                                               
|  18|-73.97397604392933| 40.75280111374935|                                                                                               
|  19| -73.9752858227878| 40.75143899702161|                                                                                               
|  20|-73.97536983857913| 40.74969789572509|                                                                                               
|  21|-73.97492748789561| 40.74880974589525|                                                                                               
|  22|-73.97505040199157|40.747715444448055|                                                                                               
|  23|-73.97408677221084|40.745775708276284|                                                                                               
+----+------------------+------------------+                                                                                                                                                                                                                                          
Time of Q1 using SQL with parquet is: 19.378121376037598 seconds