+-----+------+                                                                                                              
|label| count|                                                                                                              
+-----+------+                                                                                                              
|  8.0| 14851|                                                                                                              
|  0.0|142982|                                                                                                              
|  7.0| 18807|                                                                                                              
|  1.0|106560|                                                                                                              
|  4.0| 31456|                                                                                                              
| 11.0|  7901|                                                                                                              
| 14.0|  1489|                                                                                                              
|  3.0| 32094|                                                                                                              
|  2.0| 61403|                                                                                                              
| 17.0|    16|                                                                                                              
| 10.0|  8229|                                                                                                              
| 13.0|  1743|                                                                                                              
|  6.0| 19045|                                                                                                              
|  5.0| 25131|                                                                                                              
| 15.0|  1444|                                                                                                              
|  9.0|  9438|                                                                                                              
| 16.0|   291|                                                                                                              
| 12.0|  6451|                                                                                                              
+-----+------+                                                                                                                                                                                                                                          

+-----+------+                                                                                                              
|label| count|                                                                                                              
+-----+------+                                                                                                              
|  8.0| 11169|                                                                                                              
|  0.0|107026|                                                                                                              
|  7.0| 14028|                                                                                                              
|  1.0| 80059|                                                                                                              
|  4.0| 23612|                                                                                                              
| 11.0|  5973|                                                                                                              
| 14.0|  1104|                                                                                                              
|  3.0| 24047|                                                                                                              
|  2.0| 45930|                                                                                                              
| 17.0|     9|                                                                                                              
| 10.0|  6201|                                                                                                              
| 13.0|  1301|                                                                                                              
|  6.0| 14341|                                                                                                              
|  5.0| 18856|                                                                                                              
| 15.0|  1091|                                                                                                              
|  9.0|  7130|                                                                                                              
| 16.0|   224|                                                                                                              
| 12.0|  4871|                                                                                                              
+-----+------+                                                                                                                                                                                                                                          

+-----+-----+                                                                                                               
|label|count|                                                                                                               
+-----+-----+                                                                                                               
|  8.0| 3729|                                                                                                               
|  0.0|19905|                                                                                                               
|  7.0| 4586|                                                                                                               
|  1.0|22463|                                                                                                               
|  4.0| 6395|                                                                                                               
| 11.0| 1915|                                                                                                               
| 14.0|  373|                                                                                                               
|  3.0| 7534|                                                                                                               
|  2.0|14949|                                                                                                               
| 17.0|    3|                                                                                                               
| 10.0| 1978|                                                                                                               
| 13.0|  438|                                                                                                               
|  6.0| 4632|                                                                                                               
| 15.0|  362|                                                                                                               
|  5.0| 6223|                                                                                                               
|  9.0| 2348|                                                                                                               
| 16.0|   61|                                                                                                               
| 12.0| 1562|                                                                                                               
+-----+-----+   
                                                                                                                                                                                                                                        
No cached trainset                                                                                                          
Time of fit: 531.2561430931091 seconds                                                                                      
Test set accuracy = 0.587629590934662                                                                                       

Cached trainset                                                                                                             
Time of fit: 489.98412919044495 seconds                                                                                     
Test set accuracy = 0.5828661721635685